expected <- structure(c(3, 3, 8, 8, 8, 8, 8, 8, 8, 8, 8, 8, 8, 8, 8, 8, 8, 
9, 9, 11, 11, 13, 13, 13, 13, 13, 13, 13, 14, 14, 14, 14, 16, 
16, 31, 31, 31, 33, 33, 43, 43, 43, 61, 61, 61, 62, 62, 106, 
106, 110, 110, 110, 110, 163, 163, 165, 165, 165, 168, 168, 172, 
172, 172, 204, 204, 206, 206, 206, 206, 206, 211, 211, 241, 241, 
241, 241, 244, 244, 249, 249, 250, 250, 250, 250, 252, 252, 252, 
252, 252, 252, 252, 252, 252, 252, 252, 252, 256, 256, 265, 265, 
265, 265, 265, 265, 265, 265, 265, 267, 267, 267, 269, 269, 269, 
291, 291, 291, 291, 291, 291, 291, 312, 312, 312, 312, 312, 314, 
314, 314, 314, 314, 316, 316, 316, 2.484906649788, 6.27476202124194, 
3.97029191355212, 3.98898404656427, 4.52178857704904, 0, 2.30258509299405, 
4.59511985013459, 1.6094379124341, 2.94443897916644, 1.94591014905531, 
2.99573227355399, 4.36944785246702, 1.38629436111989, 2.39789527279837, 
3.98898404656427, 2.07944154167984, 5.64897423816121, 5.75574221358691, 
2.89037175789616, 3.09104245335832, 4.70953020131233, 4.98360662170834, 
1.6094379124341, 1.6094379124341, 4.70048036579242, 1.6094379124341, 
4.54329478227, 1.6094379124341, 4.49980967033027, 5.62762111369064, 
5.11799381241676, 2.39789527279837, 6.28785856016178, 5.4380793089232, 
3.63758615972639, 5.76205138278018, 2.83321334405622, 5.7037824746562, 
5.90263333340137, 3.40119738166216, 3.63758615972639, 4.31748811353631, 
5.58724865840025, 5.32787616878958, 4.06044301054642, 6.22059017009974, 
6.20455776256869, 5.2040066870768, 6.20253551718792, 3.78418963391826, 
2.94443897916644, 2.63905732961526, 6.24804287450843, 2.63905732961526, 
5.74620319054015, 1.79175946922805, 5.44241771052179, 4.99721227376411, 
5.93753620508243, 4.02535169073515, 4.74493212836325, 5.90536184805457, 
6.00388706710654, 4.91998092582813, 5.73979291217923, 3.13549421592915, 
3.17805383034795, 3.58351893845611, 4.89783979995091, 4.49980967033027, 
6.0913098820777, 5.75257263882563, 2.30258509299405, 2.77258872223978, 
5.28826703069454, 6.10924758276437, 4.74493212836325, 6.16331480403464, 
4.57471097850338, 3.55534806148941, 1.38629436111989, 4.46590811865458, 
5.93224518744801, 0.693147180559945, 3.95124371858143, 4.0943445622221, 
3.17805383034795, 2.484906649788, 5.15905529921453, 3.80666248977032, 
2.484906649788, 3.3322045101752, 1.94591014905531, 2.77258872223978, 
4.71849887129509, 6.23244801655052, 2.99573227355399, 3.71357206670431, 
3.36729582998647, 5.64897423816121, 3.55534806148941, 0.693147180559945, 
3.04452243772342, 4.30406509320417, 2.56494935746154, 3.61091791264422, 
4.69134788222914, 5.93753620508243, 4.95582705760126, -0.693147180559945, 
3.87120101090789, 6.31896811374643, 6.06145691892802, 1.79175946922805, 
2.19722457733622, 2.07944154167984, 2.07944154167984, 1.94591014905531, 
4.51085950651685, 5.85507192220243, 4.57471097850338, 0.693147180559945, 
1.6094379124341, 4.36944785246702, 5.36129216570943, 4.40671924726425, 
4.85981240436167, 3.61091791264422, 3.73766961828337, 5.3890717298165, 
2.39789527279837, 5.67332326717149, 1, 0, 1, 1, 1, 1, 1, 1, 1, 
1, 1, 1, 1, 1, 1, 1, 1, 1, 0, 1, 0, 1, 1, 1, 1, 1, 1, 0, 1, 1, 
1, 0, 1, 0, 1, 1, 0, 1, 0, 1, 1, 1, 1, 1, 0, 1, 0, 1, 0, 1, 1, 
1, 0, 1, 0, 1, 1, 0, 1, 0, 1, 1, 0, 1, 0, 1, 1, 1, 1, 0, 1, 0, 
1, 1, 1, 0, 1, 0, 1, 0, 1, 1, 1, 0, 1, 1, 1, 1, 1, 1, 1, 1, 1, 
1, 1, 0, 1, 0, 1, 1, 1, 1, 1, 1, 1, 1, 0, 1, 1, 0, 1, 1, 0, 1, 
1, 1, 1, 1, 1, 0, 1, 1, 1, 1, 0, 1, 1, 1, 1, 1, 1, 1, 0, 0, 0, 
0, 0, 0, 0, 0, 0, 0, 0, 0, 0, 0, 0, 0, 0, 0, 1, 1, 0, 0, 0, 0, 
0, 0, 0, 0, 0, 1, 1, 1, 1, 0, 0, 0, 0, 0, 1, 1, 1, 1, 1, 0, 0, 
0, 1, 1, 1, 1, 0, 0, 0, 0, 1, 1, 1, 1, 1, 0, 0, 0, 0, 0, 0, 0, 
0, 0, 0, 0, 0, 1, 1, 0, 0, 0, 0, 1, 1, 1, 1, 0, 0, 0, 0, 0, 0, 
0, 0, 0, 0, 0, 0, 0, 0, 0, 0, 1, 1, 0, 0, 0, 0, 0, 0, 0, 0, 0, 
0, 0, 0, 0, 0, 0, 1, 1, 1, 1, 1, 1, 1, 1, 1, 1, 1, 1, 0, 0, 0, 
0, 0, 1, 1, 1, 0, 1, 0, 1, 1, 1, 1, 1, 1, 1, 1, 1, 1, 1, 1, 1, 
1, 0, 1, 0, 1, 0, 1, 1, 1, 1, 1, 1, 0, 1, 1, 1, 0, 1, 0, 1, 1, 
0, 1, 0, 1, 1, 0, 1, 1, 0, 1, 0, 1, 0, 1, 1, 1, 0, 1, 0, 1, 1, 
0, 1, 0, 1, 1, 0, 1, 0, 1, 1, 1, 1, 0, 1, 0, 1, 1, 1, 0, 1, 0, 
1, 0, 1, 1, 1, 0, 1, 1, 1, 1, 1, 1, 1, 1, 1, 1, 1, 0, 1, 0, 1, 
1, 1, 1, 1, 1, 1, 1, 0, 1, 1, 0, 1, 1, 0, 1, 1, 1, 1, 1, 1, 0, 
1, 1, 1, 1, 0, 1, 1, 1, 1, 0, 1, 1, 0, 1, 0, 0, 0, 0, 0, 0, 0, 
0, 0, 0, 0, 0, 1, 0, 0, 0, 0, 0, 0, 0, 1, 1, 1, 1, 1, 0, 0, 0, 
1, 0, 0, 0, 0, 0, 1, 0, 1, 0, 1, 1, 0, 1, 1, 0, 0, 0, 0, 0, 0, 
1, 0, 0, 0, 0, 0, 0, 0, 1, 0, 0, 0, 0, 0, 0, 1, 0, 0, 0, 0, 1, 
0, 0, 1, 0, 0, 0, 0, 0, 0, 1, 0, 1, 0, 0, 0, 0, 0, 1, 0, 0, 0, 
0, 0, 0, 0, 1, 0, 0, 0, 0, 0, 0, 0, 0, 0, 0, 1, 0, 0, 1, 0, 0, 
0, 0, 0, 0, 0, 0, 0, 1, 0, 0, 0, 0, 0, 1, 1, 1, 0, 0, 0, 0, 0, 
0, 1, 1, 1, 0, 0, 1, 0, 0, 0, 0, 1, 0, 0, 1, 0, 1, 0, 0, 0, 1, 
1, 0, 0, 1, 0, 0, 0, 1, 1, 0, 0, 0, 1, 0, 0, 0, 0, 1, 0, 0, 1, 
1, 0, 1, 0, 1, 0, 1, 1, 0, 0, 1, 0, 1, 0, 0, 1, 0, 1, 1, 0, 1, 
0, 1, 0, 0, 0, 0, 1, 0, 1, 0, 0, 0, 1, 0, 1, 0, 0, 0, 1, 0, 0, 
1, 1, 0, 0, 1, 1, 0, 0, 0, 0, 0, 1, 0, 1, 0, 1, 0, 0, 0, 1, 0, 
0, 1, 1, 0, 0, 1, 0, 1, 0, 0, 0, 0, 0, 0, 1, 1, 0, 0, 0, 1, 1, 
1, 0, 0, 1, 0, 0, 0, 0, 0, 0, 0, 0, 0, 0, 0, 0, 0, 0, 0, 0, 0, 
0, 0, 0, 0, 0, 0, 0, 0, 0, 0, 0, 0, 0, 0, 1, 0, 0, 0, 0, 0, 0, 
0, 1, 0, 1, 1, 0, 0, 0, 0, 0, 0, 0, 0, 0, 0, 0, 0, 0, 0, 0, 0, 
0, 0, 0, 0, 0, 0, 0, 0, 0, 0, 0, 0, 0, 1, 0, 0, 0, 0, 0, 0, 0, 
0, 0, 0, 0, 0, 0, 0, 0, 0, 0, 0, 0, 0, 0, 0, 0, 0, 0, 1, 0, 0, 
0, 0, 0, 0, 0, 0, 0, 0, 0, 0, 0, 0, 0, 0, 0, 0, 0, 0, 0, 0, 0, 
1, 0, 0, 0, 0, 0, 0, 0, 0, 0, 0, 0, 0, 0, 0, 0, 0, 1, 1, 1, 1, 
1, 1, 1, 0, 0, 0, 0, 0, 0, 1, 0, 0, 0, 0, 1, 1, 1, 0, 0, 0, 0, 
0, 0, 0, 0, 0, 1, 1, 0, 0, 0, 0, 0, 0, 0, 1, 0, 0, 0, 0, 0, 0, 
0, 0, 0, 0, 0, 1, 1, 0, 0, 0, 0, 0, 0, 0, 0, 1, 1, 0, 0, 0, 0, 
0, 1, 1, 1, 0, 0, 0, 0, 0, 0, 0, 0, 0, 0, 0, 0, 0, 0, 1, 0, 0, 
0, 0, 0, 0, 0, 0, 0, 0, 1, 0, 0, 0, 0, 0, 0, 0, 0, 0, 0, 0, 0, 
0, 0, 0, 0, 0, 0, 0, 1, 0, 0, 0, 0, 1, 1, 0, 0, 0, 1, 1, 0, 0, 
0, 0, 0, 0, 0, 0, 0, 0, 0, 0, 1, 1, 1, 1, 1, 0, 0, 0, 0, 0, 0, 
0, 0, 0, 1, 1, 0, 0, 0, 1, 0, 0, 0, 0, 0, 0, 0, 0, 1, 1, 0, 0, 
0, 0, 0, 0, 1, 0, 1, 1, 1, 0, 1, 0, 0, 0, 0, 0, 0, 0, 0, 0, 1, 
0, 0, 0, 1, 1, 0, 0, 0, 0, 0, 0, 0, 1, 0, 1, 0, 0, 0, 0, 0, 0, 
0, 0, 0, 0, 0, 1, 1, 1, 1, 1, 0, 1, 0, 0, 0, 0, 1, 1, 1, 1, 1, 
0, 0, 1, 0, 0, 0, 0, 1, 1, 1, 1, 1, 1, 0, 0, 1, 1, 1, 0, 0, 0, 
1, 1, 0, 0, 0), .Dim = c(133L, 10L))
test(id=29, code={
