expected <- structure(c(11.3164921459501, 9.56444166646261, 23.868524352596, 
8.592077957758, 0.187318691429722, -11.3963997363604, -6.26079624982537, 
6.05560822307356, -6.03903226622761, 4.13503361306269, 11.3164921459501, 
9.56444166646261, 23.868524352596, 8.592077957758, 0.187318691429722, 
-11.3963997363604, -6.26079624982537, 6.05560822307356, -6.03903226622761, 
4.13503361306269, 11.3164921459501, 9.56444166646261, 23.868524352596, 
8.592077957758, 0.187318691429722, -11.3963997363604, -6.26079624982537, 
6.05560822307356, -6.03903226622761, 4.13503361306269, 11.3164921459501, 
9.56444166646261, 23.868524352596, 8.592077957758, 0.187318691429722, 
-11.3963997363604, -6.26079624982537, 6.05560822307356, -6.03903226622761, 
4.13503361306269, 11.3164921459501, 9.56444166646261, 23.868524352596, 
8.592077957758, 0.187318691429722, -11.3963997363604, -6.26079624982537, 
6.05560822307356, -6.03903226622761, 4.13503361306269, 11.3164921459501, 
9.56444166646261, 23.868524352596, 8.592077957758, 0.187318691429722, 
-11.3963997363604, -6.26079624982537, 6.05560822307356, -6.03903226622761, 
4.13503361306269, 11.3164921459501, 9.56444166646261, 23.868524352596, 
8.592077957758, 0.187318691429722, -11.3963997363604, -6.26079624982537, 
6.05560822307356, -6.03903226622761, 4.13503361306269, 11.3164921459501, 
9.56444166646261, 23.868524352596, 8.592077957758, 0.187318691429722, 
-11.3963997363604, -6.26079624982537, 6.05560822307356, -6.03903226622761, 
4.13503361306269, 11.3164921459501, 9.56444166646261, 23.868524352596, 
8.592077957758, 0.187318691429722, -11.3963997363604, -6.26079624982537, 
6.05560822307356, -6.03903226622761, 4.13503361306269, 11.3164921459501, 
9.56444166646261, 23.868524352596, 8.592077957758, 0.187318691429722, 
-11.3963997363604, -6.26079624982537, 6.05560822307356, -6.03903226622761, 
4.13503361306269, 11.3164921459501, 9.56444166646261, 23.868524352596, 
8.592077957758, 0.187318691429722, -11.3963997363604, -6.26079624982537, 
6.05560822307356, -6.03903226622761, 4.13503361306269, 11.3164921459501, 
9.56444166646261, 23.868524352596, 8.592077957758, 0.187318691429722, 
-11.3963997363604, -6.26079624982537, 6.05560822307356, -6.03903226622761, 
4.13503361306269, 11.3164921459501, 9.56444166646261, 23.868524352596, 
8.592077957758, 0.187318691429722, -11.3963997363604, -6.26079624982537, 
6.05560822307356, -6.03903226622761, 4.13503361306269, 11.3164921459501, 
9.56444166646261, 23.868524352596, 8.592077957758, 0.187318691429722, 
-11.3963997363604, -6.26079624982537, 6.05560822307356, -6.03903226622761, 
4.13503361306269, 11.3164921459501, 9.56444166646261, 23.868524352596, 
8.592077957758, 0.187318691429722, -11.3963997363604, -6.26079624982537, 
6.05560822307356, -6.03903226622761, 4.13503361306269), .Names = c("a", 
"b", "c", "d", "e", "f", "g", "h", "i", "j", "a", "b", "c", "d", 
"e", "f", "g", "h", "i", "j", "a", "b", "c", "d", "e", "f", "g", 
"h", "i", "j", "a", "b", "c", "d", "e", "f", "g", "h", "i", "j", 
"a", "b", "c", "d", "e", "f", "g", "h", "i", "j", "a", "b", "c", 
"d", "e", "f", "g", "h", "i", "j", "a", "b", "c", "d", "e", "f", 
"g", "h", "i", "j", "a", "b", "c", "d", "e", "f", "g", "h", "i", 
"j", "a", "b", "c", "d", "e", "f", "g", "h", "i", "j", "a", "b", 
"c", "d", "e", "f", "g", "h", "i", "j", "a", "b", "c", "d", "e", 
"f", "g", "h", "i", "j", "a", "b", "c", "d", "e", "f", "g", "h", 
"i", "j", "a", "b", "c", "d", "e", "f", "g", "h", "i", "j", "a", 
"b", "c", "d", "e", "f", "g", "h", "i", "j", "a", "b", "c", "d", 
"e", "f", "g", "h", "i", "j"))
test(id=21, code={
argv <- list(structure(c(11.3164921459501, 9.56444166646261, 23.868524352596, 
8.592077957758, 0.187318691429722, -11.3963997363604, -6.26079624982537, 
6.05560822307356, -6.03903226622761, 4.13503361306269), .Names = c("a", 
"b", "c", "d", "e", "f", "g", "h", "i", "j")), 15)
do.call('rep', argv);
},  o = expected);

