expected <- eval(parse(text="NULL"));               
test(id=0, code={               
argv <- eval(parse(text="list(structure(c(13.0879058831551, -0.0481782079188499, 0.0648397936975344, -0.0703016880559154, -0.433062454113996, -0.000149473169823967, -16.3229386445345, -0.0481782079188499, 1.42936577525521, 0.00346026862477374, 0.000168722552167122, -0.00850959684180395, -9.2926002743558e-06, -1.44812039916227, 0.0648397936975344, 0.00346026862477374, 0.0649221455479854, 1.50206888047831e-06, 0.0303152177308945, -5.59890220792902e-06, -0.238079760031664, -0.0703016880559154, 0.000168722552167122, 1.50206888047831e-06, 0.00876007504795771, 0.000744776618395879, -6.15610217329725e-06, -0.0811419414051802, -0.433062454113996, -0.00850959684180395, 0.0303152177308945, 0.000744776618395879, 10.728754385628, -6.46786616103191e-05, -11.116657381748, -0.000149473169823967, -9.2926002743558e-06, -5.59890220792902e-06, -6.15610217329725e-06, -6.46786616103191e-05, 0.00193527894824396, -0.000812297378584339, -16.3229386445345, -1.44812039916227, -0.238079760031664, -0.0811419414051802, -11.116657381748, -0.000812297378584339, 249.99918229946), .Dim = c(7L, 7L)))"));               
do.call(`dimnames`, argv);               
}, o=expected);               

