expected <- structure(c(3L, 1L, 2L, 2L, 2L, 2L, 1L, 2L, 2L, 2L, 1L, 2L, 2L, 
1L, 2L, 3L, 3L, 2L, 2L, 2L, 2L, 4L, 4L, 3L, 1L, 2L, 2L, 1L, 2L, 
3L, 1L, 1L, 1L, 4L, 2L, 2L, 2L, 2L, 1L, 1L, 2L, 1L, 3L, 3L, 2L, 
2L, 3L, 2L, 2L, 1L, 2L, 2L, 2L, 2L, 1L, 1L, 4L, 2L, 3L, 2L, 1L, 
3L, 2L, 3L, 1L, 2L, 3L, 4L, 2L, 4L, 2L, 3L, 1L, 1L, 3L, 4L, 3L, 
1L, 2L, 2L, 1L, 2L, 3L, 1L, 2L, 2L, 2L, 2L, 4L, 2L, 2L, 2L, 3L, 
1L, 1L, 1L, 2L, 2L, 4L, 1L, 1L, 1L, 1L, 2L, 4L, 3L, 2L, 3L, 3L, 
2L, 2L, 2L, 2L, 2L, 1L, 2L, 2L, 2L, 2L, 2L, 4L, 2L, 2L, 1L, 3L, 
2L, 2L, 1L, 4L, 1L, 3L, 2L, 2L, 3L, 2L, 1L, 2L, 1L, 1L, 2L, 2L, 
1L, 2L, 3L, 2L, 1L, 3L, 1L, 3L, 1L, 1L, 1L, 2L, 1L, 2L, 1L, 3L, 
1L, 2L, 1L, 2L, 2L, 4L, 2L, 2L, 2L, 2L, 1L, 3L, 1L, 1L, 1L, 2L, 
2L, 3L, 2L, 4L, 3L, 3L, 4L, 1L, 3L, 2L, 2L, 4L, 2L, 1L, 2L, 2L, 
2L, 3L, 2L, 2L, 1L, 2L, 3L, 2L, 1L, 2L, 2L, 1L, 2L, 2L, 4L, 2L, 
2L, 1L, 2L, 2L, 3L, 2L, 3L, 3L, 1L, 2L, 3L, 3L, 2L, 1L, 4L, 2L, 
3L, 1L, 3L, 1L, 4L, 1L, 1L, 3L, 4L, 2L, 1L, 2L, 3L, 2L, 3L, 4L, 
4L, 1L, 4L, 3L, 1L, 3L, 3L, 2L, 3L, 2L, 2L, 3L, 1L, 2L, 2L, 2L, 
3L, 2L, 1L, 4L, 2L, 3L, 4L, 1L, 3L, 2L, 3L, 1L, 2L, 2L, 4L, 2L, 
4L, 2L, 3L, 1L, 1L, 4L, 4L, 3L, 2L, 3L, 2L, 3L, 3L, 3L, 2L, 3L, 
2L, 2L, 3L, 4L, 2L, 4L, 2L, 3L, 1L, 1L, 1L, 2L, 3L, 4L, 3L, 2L, 
1L, 2L, 1L, 4L, 3L, 1L, 2L, 2L, 2L, 2L, 2L, 3L, 4L, 2L, 3L, 2L, 
1L, 3L, 2L, 3L, 3L, 3L, 1L, 2L, 2L, 3L, 2L, 4L, 1L, 3L, 3L, 4L, 
3L, 2L, 2L, 3L, 2L, 4L, 4L, 2L, 1L, 4L, 3L, 2L, 4L, 3L, 4L, 2L, 
2L, 1L, 2L, 3L, 1L, 2L, 3L, 2L, 1L, 4L, 3L, 2L, 3L, 3L, 2L, 2L, 
1L, 4L, 2L, 3L, 2L, 2L, 2L, 4L, 2L, 4L, 2L, 3L, 3L, 4L, 4L, 1L, 
3L, 4L, 3L, 4L, 2L, 1L, 2L, 2L, 2L, 2L, 3L, 2L, 2L, 2L, 3L, 3L, 
2L, 3L, 2L, 2L, 2L, 2L, 2L, 2L, 2L, 1L, 2L, 2L, 2L, 2L, 2L, 2L, 
1L, 2L, 2L, 2L, 1L, 2L, 1L, 1L, 3L, 1L, 2L, 1L, 3L, 2L, 2L, 3L, 
2L, 2L, 3L, 2L, 1L, 2L, 2L, 3L, 4L, 2L, 2L, 2L, 2L, 3L, 2L, 2L, 
2L, 3L, 1L, 2L, 3L, 2L, 1L, 1L, 3L, 2L, 2L, 4L, 2L, 2L, 2L, 4L, 
2L, 2L, 2L, 3L, 3L, 3L, 4L, 2L, 1L, 2L, 2L, 1L, 1L, 1L, 2L, 2L, 
1L, 1L, 2L, 1L, 2L, 3L, 2L, 3L, 2L, 2L, 4L, 3L, 2L, 2L, 2L, 2L, 
1L, 1L, 1L, 2L, 2L, 2L, 1L, 1L, 1L, 2L, 2L, 4L, 3L, 1L, 2L, 2L, 
2L, 2L, 2L, 2L, 2L, 2L, 2L, 2L, 1L, 2L, 2L, 3L, 2L, 3L, 2L, 2L, 
2L, 2L, 1L, 3L, 2L, 2L, 2L, 2L, 3L, 2L, 2L, 1L, 1L, 1L, 2L, 2L, 
1L, 2L, 2L, 2L, 3L, 2L, 2L, 3L, 1L, 1L, 4L, 2L, 1L, 2L, 1L, 2L, 
1L, 1L, 2L, 2L, 2L, 2L, 2L, 2L, 1L, 2L, 2L, 3L, 1L, 1L, 2L, 3L, 
1L, 3L, 2L, 2L, 2L, 2L, 3L, 2L, 2L, 2L, 2L, 3L, 2L, 1L, 2L, 2L, 
2L, 2L, 2L, 2L, 2L, 2L, 2L, 2L, 2L, 2L, 2L, 1L, 2L, 2L, 1L, 3L, 
2L, 2L, 3L, 2L, 2L, 3L, 2L, 2L, 4L, 1L, 4L, 2L, 4L, 3L, 2L, 3L, 
2L, 3L, 1L, 1L, 1L, 3L, 1L, 2L, 2L, 2L, 2L, 2L, 2L, 3L, 2L, 1L, 
1L, 4L, 3L, 1L, 4L, 3L, 1L, 2L, 2L, 2L, 2L, 1L, 1L, 2L, 2L, 3L, 
2L, 1L, 3L, 4L, 2L, 1L, 2L, 2L, 2L, 2L, 1L, 2L, 2L, 1L, 2L, 2L, 
1L, 3L, 1L, 4L, 2L, 2L, 4L, 2L, 2L, 2L, 3L, 4L, 2L, 2L, 1L, 1L, 
3L, 2L, 1L, 2L, 4L, 2L, 1L, 2L, 2L, 2L, 2L, 1L, 2L, 1L, 1L, 1L, 
3L, 3L, 2L, 1L, 1L, 2L, 3L, 1L, 2L, 2L, 3L, 2L, 2L, 3L, 2L, 3L, 
3L, 2L, 3L, 2L, 2L, 2L, 3L, 2L, 2L, 2L, 2L, 1L, 2L, 2L, 2L, 2L, 
2L, 2L, 2L, 2L, 1L, 2L, 4L, 2L, 2L, 2L, 2L, 2L, 2L, 2L, 1L, 3L, 
3L, 2L, 3L, 2L, 2L, 2L, 2L, 4L, 2L, 2L, 1L, 2L, 2L, 2L, 2L, 2L, 
1L, 3L, 2L, 2L, 1L, 3L, 2L, 4L, 3L, 2L, 2L, 1L, 1L, 3L, 2L, 2L, 
1L, 2L, 2L, 2L, 3L, 1L, 2L, 2L, 2L, 3L, 2L, 2L, 3L, 2L, 2L, 1L, 
2L, 2L, 1L, 1L, 2L, 3L, 1L, 4L, 3L, 4L, 2L, 2L, 4L, 2L, 2L, 2L, 
4L, 2L, 3L, 2L, 4L, 4L, 4L, 3L, 2L, 3L, 3L, 1L, 1L, 3L, 2L, 3L, 
2L, 2L, 2L, 2L, 1L, 3L, 2L, 1L, 1L, 4L, 4L, 1L, 1L, 3L, 2L, 4L, 
3L, 2L, 3L, 1L, 1L, 3L, 3L, 4L, 2L, 1L, 4L, 4L, 4L, 2L, 3L, 2L, 
2L, 3L, 2L, 4L, 3L, 1L, 2L, 3L, 1L, 3L, 2L, 3L, 4L, 2L, 4L, 2L, 
3L, 3L, 3L, 4L, 1L, 2L, 2L, 2L, 4L, 2L, 3L, 2L, 4L, 2L, 2L, 2L, 
3L, 3L, 3L, 1L, 3L, 2L, 2L, 3L, 4L, 4L, 3L, 2L, 1L, 3L, 2L, 2L, 
2L, 3L, 1L, 2L, 2L, 2L, 2L, 4L, 3L, 3L, 3L, 2L, 4L, 2L, 3L, 2L, 
2L, 3L, 3L, 3L, 3L, 2L, 3L, 2L, 2L, 3L, 3L, 2L, 2L, 4L, 3L, 3L, 
3L, 3L, 2L, 3L, 2L, 2L, 2L, 3L, 4L, 3L, 2L, 2L, 3L, 2L, 1L, 4L, 
3L, 2L, 1L, 3L, 3L, 3L, 3L, 2L, 1L, 3L, 2L, 2L, 4L, 3L, 4L, 4L, 
3L, 2L, 2L, 1L, 2L, 3L, 2L, 3L, 2L, 2L, 3L, 3L, 4L, 3L, 3L, 2L, 
4L, 4L, 2L, 2L, 4L, 3L, 1L, 2L, 2L, 2L, 2L, 2L, 2L, 2L, 2L, 4L, 
2L, 2L, 2L, 2L, 2L, 2L, 2L, 3L, 3L, 2L, 2L, 2L, 4L, 2L, 4L, 3L, 
2L, 3L, 2L, 1L, 1L, 2L, 2L, 2L, 1L, 2L, 2L, 2L, 2L, 2L, 2L, 1L, 
1L, 3L, 3L, 2L, 4L, 2L, 2L, 2L, 2L, 2L, 2L, 1L, 1L, 3L, 4L, 1L, 
2L, 1L, 2L, 4L, 4L, 2L, 1L, 2L, 2L, 2L, 1L, 2L, 2L, 1L, 2L, 2L, 
1L, 1L, 2L, 1L, 2L, 2L, 2L, 2L, 2L, 2L, 2L, 4L, 2L, 3L, 2L, 2L, 
3L, 2L, 2L, 2L, 4L, 2L, 2L, 2L, 2L, 3L, 2L, 1L, 2L, 1L, 1L, 2L, 
2L, 3L, 2L, 2L, 1L, 3L, 3L, 2L, 3L, 2L, 1L, 2L, 3L, 3L, 2L, 2L, 
4L, 2L, 4L, 3L, 3L, 3L, 3L, 2L, 2L, 3L, 2L, 3L, 2L, 3L, 2L, 1L, 
2L, 3L, 3L, 1L, 2L, 2L, 2L, 2L, 3L, 1L, 2L, 3L, 1L, 2L, 2L, 2L, 
4L, 1L, 2L, 2L, 3L, 2L, 2L, 3L, 4L, 1L, 1L, 2L, 2L, 2L, 2L, 2L, 
1L, 2L, 2L, 2L, 2L, 3L, 2L, 2L, 4L, 2L, 2L, 2L, 2L, 2L, 2L, 2L, 
1L, 2L, 2L, 3L, 3L, 2L, 2L, 2L, 3L, 3L, 2L, 2L, 2L, 3L, 2L, 2L, 
2L, 2L, 2L), .Dim = c(200L, 6L))
test(id=177, code={
argv <- list(structure(c(3L, 1L, 2L, 2L, 2L, 2L, 1L, 2L, 2L, 2L, 1L, 
2L, 2L, 1L, 2L, 3L, 3L, 2L, 2L, 2L, 2L, 4L, 4L, 3L, 1L, 2L, 2L, 
1L, 2L, 3L, 1L, 1L, 1L, 4L, 2L, 2L, 2L, 2L, 1L, 1L, 2L, 1L, 3L, 
3L, 2L, 2L, 3L, 2L, 2L, 1L, 2L, 2L, 2L, 2L, 1L, 1L, 4L, 2L, 3L, 
2L, 1L, 3L, 2L, 3L, 1L, 2L, 3L, 4L, 2L, 4L, 2L, 3L, 1L, 1L, 3L, 
4L, 3L, 1L, 2L, 2L, 1L, 2L, 3L, 1L, 2L, 2L, 2L, 2L, 4L, 2L, 2L, 
2L, 3L, 1L, 1L, 1L, 2L, 2L, 4L, 1L, 1L, 1L, 1L, 2L, 4L, 3L, 2L, 
3L, 3L, 2L, 2L, 2L, 2L, 2L, 1L, 2L, 2L, 2L, 2L, 2L, 4L, 2L, 2L, 
1L, 3L, 2L, 2L, 1L, 4L, 1L, 3L, 2L, 2L, 3L, 2L, 1L, 2L, 1L, 1L, 
2L, 2L, 1L, 2L, 3L, 2L, 1L, 3L, 1L, 3L, 1L, 1L, 1L, 2L, 1L, 2L, 
1L, 3L, 1L, 2L, 1L, 2L, 2L, 4L, 2L, 2L, 2L, 2L, 1L, 3L, 1L, 1L, 
1L, 2L, 2L, 3L, 2L, 4L, 3L, 3L, 4L, 1L, 3L, 2L, 2L, 4L, 2L, 1L, 
2L, 2L, 2L, 3L, 2L, 2L, 1L, 2L, 3L, 2L, 1L, 2L, 2L), .Label = c("1 Extremely well", 
"2 Quite well", "3 Not too well", "4 Not well at all"), class = "factor"), 
    structure(c(1L, 2L, 2L, 4L, 2L, 2L, 1L, 2L, 2L, 3L, 2L, 3L, 
    3L, 1L, 2L, 3L, 3L, 2L, 1L, 4L, 2L, 3L, 1L, 3L, 1L, 4L, 1L, 
    1L, 3L, 4L, 2L, 1L, 2L, 3L, 2L, 3L, 4L, 4L, 1L, 4L, 3L, 1L, 
    3L, 3L, 2L, 3L, 2L, 2L, 3L, 1L, 2L, 2L, 2L, 3L, 2L, 1L, 4L, 
    2L, 3L, 4L, 1L, 3L, 2L, 3L, 1L, 2L, 2L, 4L, 2L, 4L, 2L, 3L, 
    1L, 1L, 4L, 4L, 3L, 2L, 3L, 2L, 3L, 3L, 3L, 2L, 3L, 2L, 2L, 
    3L, 4L, 2L, 4L, 2L, 3L, 1L, 1L, 1L, 2L, 3L, 4L, 3L, 2L, 1L, 
    2L, 1L, 4L, 3L, 1L, 2L, 2L, 2L, 2L, 2L, 3L, 4L, 2L, 3L, 2L, 
    1L, 3L, 2L, 3L, 3L, 3L, 1L, 2L, 2L, 3L, 2L, 4L, 1L, 3L, 3L, 
    4L, 3L, 2L, 2L, 3L, 2L, 4L, 4L, 2L, 1L, 4L, 3L, 2L, 4L, 3L, 
    4L, 2L, 2L, 1L, 2L, 3L, 1L, 2L, 3L, 2L, 1L, 4L, 3L, 2L, 3L, 
    3L, 2L, 2L, 1L, 4L, 2L, 3L, 2L, 2L, 2L, 4L, 2L, 4L, 2L, 3L, 
    3L, 4L, 4L, 1L, 3L, 4L, 3L, 4L, 2L, 1L, 2L, 2L, 2L, 2L, 3L, 
    2L, 2L, 2L, 3L, 3L, 2L, 3L, 2L), .Label = c("1 Extremely well", 
    "2 Quite well", "3 Not too well", "4 Not well at all"), class = "factor"), 
    structure(c(2L, 2L, 2L, 2L, 2L, 2L, 1L, 2L, 2L, 2L, 2L, 2L, 
    2L, 1L, 2L, 2L, 2L, 1L, 2L, 1L, 1L, 3L, 1L, 2L, 1L, 3L, 2L, 
    2L, 3L, 2L, 2L, 3L, 2L, 1L, 2L, 2L, 3L, 4L, 2L, 2L, 2L, 2L, 
    3L, 2L, 2L, 2L, 3L, 1L, 2L, 3L, 2L, 1L, 1L, 3L, 2L, 2L, 4L, 
    2L, 2L, 2L, 4L, 2L, 2L, 2L, 3L, 3L, 3L, 4L, 2L, 1L, 2L, 2L, 
    1L, 1L, 1L, 2L, 2L, 1L, 1L, 2L, 1L, 2L, 3L, 2L, 3L, 2L, 2L, 
    4L, 3L, 2L, 2L, 2L, 2L, 1L, 1L, 1L, 2L, 2L, 2L, 1L, 1L, 1L, 
    2L, 2L, 4L, 3L, 1L, 2L, 2L, 2L, 2L, 2L, 2L, 2L, 2L, 2L, 2L, 
    1L, 2L, 2L, 3L, 2L, 3L, 2L, 2L, 2L, 2L, 1L, 3L, 2L, 2L, 2L, 
    2L, 3L, 2L, 2L, 1L, 1L, 1L, 2L, 2L, 1L, 2L, 2L, 2L, 3L, 2L, 
    2L, 3L, 1L, 1L, 4L, 2L, 1L, 2L, 1L, 2L, 1L, 1L, 2L, 2L, 2L, 
    2L, 2L, 2L, 1L, 2L, 2L, 3L, 1L, 1L, 2L, 3L, 1L, 3L, 2L, 2L, 
    2L, 2L, 3L, 2L, 2L, 2L, 2L, 3L, 2L, 1L, 2L, 2L, 2L, 2L, 2L, 
    2L, 2L, 2L, 2L, 2L, 2L, 2L, 2L), .Label = c("1 Extremely well", 
    "2 Quite well", "3 Not too well", "4 Not well at all"),