expected <- eval(parse(text="c(15L, 15L)"));       
test(id=0, code={       
argv <- eval(parse(text="list(structure(c(31.9624451639742, -0.0105001367774998, 0.669596455370805, 5.14945152173688, 4.36500574231155, 6.30517873115649, 2.15562516502081, 1.77361974340981, 1.31721464996217, -6.23951992881235, -3.14333173153233, 3.7074414096456, 0.619951366669834, -3.31636282291298, -1.38277940327151, -0.0105001367774998, 4.92314051157491e-06, -0.00208176000671443, -0.00393685976143421, -0.00306114840585819, -0.00304239831702958, -0.00360485387426285, -0.000776863531985863, -0.000930425548039592, 0.00177325947012459, 0.000873478088813267, -0.00222133591240768, -0.0010997058222662, 0.000971542840761233, 0.000408638350886089, 0.669596455370805, -0.00208176000671443, 6.25966104941131, 7.27107350691908, 7.1568051334171, 7.69164996000523, 6.38546846168565, 0.584255359868468, 0.425893553320666, -0.302152926219182, -0.539719353375365, 0.767832198930969, -0.0339253942409593, -0.954875198336619, -0.44454733172958, 5.14945152173688, -0.00393685976143421, 7.27107350691908, 16.9287891082998, 9.68170957680298, 10.1927925852141, 8.31848730773964, 0.0225771728679827, -0.13423885912137, -0.952279072677042, -1.28303151957048, -0.309366054071832, 0.277949783704086, -1.95357808926458, -1.1490330193693, 4.36500574231155, -0.00306114840585819, 7.1568051334171, 9.68170957680298, 10.6200372990959, 12.0025058084698, 7.09661626032293, 0.00831356355794886, -0.18522684338686, -1.13540989802495, -1.33382692805767, 0.308573868840132, -0.809762853334073, -1.09668270906855, -0.213078730283059, 6.30517873115649, -0.00304239831702958, 7.69164996000523, 10.1927925852141, 12.0025058084698, 17.4522685874698, 6.92295996047857, -0.125541819250371, -0.215552520930932, -1.84365094178865, -1.59654434238815, 0.684384781199279, -1.93856751571012, -1.02265709591595, -0.303713451023131, 2.15562516502081, -0.00360485387426285, 6.38546846168565, 8.31848730773964, 7.09661626032293, 6.92295996047857, 23.2114402831465, -0.28786423278137, 0.360665125986693, -0.292516552346824, -1.61368872459996, 0.400045448449001, 1.49305046916227, -1.52595532739395, -2.45569084011985, 1.77361974340981, -0.000776863531985863, 0.584255359868468, 0.0225771728679827, 0.00831356355794886, -0.125541819250371, -0.28786423278137, 3.63382138185307, 1.73220942447866, 0.201523343362283, 0.961824629517822, 2.18512927857691, -0.299291412368627, -0.222951433523371, 0.190518621032026, 1.31721464996217, -0.000930425548039592, 0.425893553320666, -0.13423885912137, -0.18522684338686, -0.215552520930932, 0.360665125986693, 1.73220942447866, 2.07264968016672, 0.409359459121014, 0.882002960805309, 1.87214770160952, 0.189008347036503, -0.266586895155729, -0.112011626327013, -6.23951992881235, 0.00177325947012459, -0.302152926219182, -0.952279072677042, -1.13540989802495, -1.84365094178865, -0.292516552346824, 0.201523343362283, 0.409359459121014, 2.48234483048294, 1.19369459724506, -0.189893084140488, 0.16622651987368, 0.28664359918476, -0.0113387579323685, -3.14333173153233, 0.000873478088813267, -0.539719353375365, -1.28303151957048, -1.33382692805767, -1.59654434238815, -1.61368872459996, 0.961824629517822, 0.882002960805309, 1.19369459724506, 2.16828149626507, 0.76585533428598, 0.0326711935947258, 0.375684864300291, 0.0175473410796721, 3.7074414096456, -0.00222133591240768, 0.767832198930969, -0.309366054071832, 0.308573868840132, 0.684384781199279, 0.400045448449001, 2.18512927857691, 1.87214770160952, -0.189893084140488, 0.76585533428598, 4.87998635701286, 0.240260053826388, 0.639583107689077, 1.24508720406537, 0.619951366669834, -0.0010997058222662, -0.0339253942409593, 0.277949783704086, -0.809762853334073, -1.93856751571012, 1.49305046916227, -0.299291412368627, 0.189008347036503, 0.16622651987368, 0.0326711935947258, 0.240260053826388, 1.27358692244222, -0.271133086074816, -0.61768767314107, -3.31636282291298, 0.000971542840761233, -0.954875198336619, -1.95357808926458, -1.09668270906855, -1.02265709591595, -1.52595532739395, -0.222951433523371, -0.266586895155729, 0.28664359918476, 0.375684864300291, 0.639583107689077, -0.271133086074816, 2.24773578295184, 2.00648977390012, -1.38277940327151, 0.000408638350886089, -0.44454733172958, -1.1490330193693, -0.213078730283059, -0.303713451023131, -2.45569084011985, 0.190518621032026, -0.112011626327013, -0.0113387579323685, 0.0175473410796721, 1.24508720406537, -0.61768767314107, 2.00648977390012, 3.44090885157986), .Dim = c(15L, 15L), .Dimnames = list(c(\"(Intercept)\", \"Weight\", \"Cylinders4\", \"Cylinders5\", \"Cylinders6\", \"Cylinders8\", \"Cylindersrotary\", \"TypeLarge\", \"TypeMidsize\", \"TypeSmall\", \"TypeSporty\", \"TypeVan\", \"EngineSize\", \"DriveTrainFront\", \"DriveTrainRear\"), c(\"(Intercept)\", \"Weight\", \"Cylinders4\", \"Cylinders5\", \"Cylinders6\", \"Cylinders8\", \"Cylindersrotary\", \"TypeLarge\", \"TypeMidsize\", \"TypeSmall\", \"TypeSporty\", \"TypeVan\", \"EngineSize\", \"DriveTrainFront\", \"DriveTrainRear\"))))"));       
do.call(`dim`, argv);       
}, o=expected);       

