expected <- structure(list(Satellites = c(0L, 0L, 4L, 0L, 0L, 0L, 0L, 0L, 
0L, 0L, 0L, 0L, 11L, 14L, 14L, 14L, 14L, 14L, 1L, 1L, 0L, 0L, 
0L, 5L, 5L, 4L, 4L, 3L, 1L, 3L, 3L, 0L, 3L, 3L, 5L, 0L, 0L, 4L, 
0L, 0L, 0L, 0L, 6L, 6L, 3L, 5L, 6L, 5L, 9L, 9L, 3L, 3L, 5L, 6L, 
5L, 5L, 15L, 15L, 15L, 3L, 0L, 0L, 0L, 0L, 5L, 3L, 5L, 5L, 5L, 
1L, 8L, 8L, 10L, 0L, 3L, 3L, 7L, 6L, 0L, 0L, 0L, 3L, 0L, 0L, 
0L, 5L, 5L, 0L, 0L, 0L, 0L, 4L, 0L, 0L, 0L, 5L, 0L, 0L, 0L, 0L, 
0L, 1L, 1L, 1L, 1L, 1L, 1L, 1L, 1L, 1L, 1L, 1L, 1L, 1L, 3L, 6L, 
6L, 0L, 0L, 0L, 0L, 12L, 12L, 6L, 2L, 2L, 2L, 2L, 3L, 0L, 3L, 
4L, 4L, 2L, 6L, 6L, 4L, 10L, 10L, 7L, 7L, 0L, 8L, 4L, 4L, 0L, 
0L, 0L, 0L, 0L, 0L, 0L, 4L, 0L, 0L, 4L, 8L, 8L, 0L, 0L, 0L, 7L, 
0L, 2L, 2L, 3L, 4L, 4L, 4L, 0L, 0L, 0L, 0L), Width = c(22.5, 
24.8, 26, 23.8, 23.8, 24.7, 23.7, 23.7, 25.6, 25.6, 24.3, 24.3, 
28.2, 26, 26, 26, 26, 26, 25.2, 29, 24.7, 24.7, 24.7, 27.4, 27.4, 
23.2, 23.2, 25, 22.5, 25.8, 25.8, 26.2, 28.7, 28.7, 26.8, 27.5, 
27.5, 29.3, 25.7, 25.7, 23.7, 23.4, 27.9, 27.9, 27.5, 26.1, 27.7, 
30, 28.5, 28.5, 28.5, 30.3, 24.7, 27.4, 25.7, 25.7, 28.3, 28.3, 
28.3, 26.2, 27.8, 27.8, 25.5, 25.5, 24.5, 27, 26, 26, 26, 28, 
30, 30, 29, 26.2, 26.2, 26.2, 25.6, 25.4, 24.2, 22.9, 22.9, 26, 
25.7, 25.7, 25.7, 25.1, 25.1, 24.5, 27.5, 23.1, 23.1, 25.9, 28.5, 
25.5, 25.5, 29.7, 26.8, 23.1, 25.5, 25.5, 25.5, 26.5, 26.5, 24.5, 
28.5, 28.5, 28.2, 28.2, 27.5, 27.5, 27.5, 27.3, 26.3, 26.3, 27.8, 
27, 27, 25.7, 25.7, 23.7, 23.7, 29.3, 29.3, 27, 30.2, 30.2, 30.2, 
24.2, 27.4, 25.4, 28.4, 22.5, 22.5, 26.2, 24.9, 24.5, 28, 25.8, 
25.8, 27.9, 33.5, 24.3, 25, 31.7, 31.7, 23.1, 23.1, 22.9, 22.9, 
24.5, 24.5, 24.5, 24.7, 28.3, 28.3, 26.5, 28.2, 28.2, 25.7, 25.7, 
25.7, 26.5, 24.1, 26.2, 26.2, 26.1, 29, 29, 29, 28, 28, 24.5, 
24.5), Dark = structure(c(2L, 2L, 2L, 1L, 1L, 2L, 1L, 1L, 2L, 
2L, 2L, 2L, 1L, 1L, 1L, 1L, 1L, 1L, 1L, 1L, 2L, 2L, 2L, 1L, 1L, 
1L, 1L, 1L, 1L, 2L, 2L, 2L, 1L, 1L, 1L, 2L, 2L, 1L, 1L, 1L, 2L, 
2L, 1L, 1L, 2L, 1L, 1L, 1L, 2L, 2L, 1L, 1L, 2L, 1L, 1L, 1L, 1L, 
1L, 1L, 2L, 1L, 1L, 2L, 2L, 2L, 2L, 1L, 1L, 1L, 1L, 1L, 1L, 1L, 
1L, 1L, 1L, 2L, 1L, 2L, 1L, 1L, 2L, 2L, 2L, 2L, 1L, 1L, 2L, 2L, 
2L, 2L, 2L, 1L, 2L, 2L, 1L, 1L, 2L, 2L, 2L, 2L, 2L, 2L, 2L, 2L, 
2L, 1L, 1L, 1L, 1L, 1L, 2L, 1L, 1L, 1L, 1L, 1L, 2L, 2L, 2L, 2L, 
2L, 2L, 2L, 1L, 1L, 1L, 1L, 1L, 1L, 2L, 2L, 2L, 1L, 1L, 1L, 1L, 
2L, 2L, 1L, 1L, 1L, 2L, 1L, 1L, 1L, 1L, 1L, 1L, 2L, 2L, 2L, 1L, 
1L, 1L, 1L, 1L, 1L, 2L, 2L, 2L, 1L, 2L, 2L, 2L, 2L, 2L, 2L, 2L, 
1L, 1L, 1L, 1L), .Label = c("no", "yes"), class = "factor"), 
    GoodSpine = structure(c(1L, 1L, 1L, 1L, 1L, 2L, 2L, 2L, 1L, 
    1L, 1L, 1L, 1L, 2L, 2L, 2L, 2L, 2L, 1L, 1L, 1L, 1L, 1L, 1L, 
    1L, 2L, 2L, 2L, 2L, 1L, 1L, 1L, 1L, 1L, 2L, 1L, 1L, 2L, 2L, 
    2L, 1L, 1L, 1L, 1L, 1L, 2L, 2L, 2L, 2L, 2L, 1L, 2L, 1L, 2L, 
    2L, 2L, 1L, 1L, 1L, 1L, 2L, 2L, 1L, 1L, 1L, 2L, 1L, 1L, 1L, 
    1L, 1L, 1L, 1L, 1L, 1L, 1L, 1L, 1L, 1L, 2L, 2L, 2L, 1L, 1L, 
    1L, 1L, 1L, 2L, 1L, 1L, 1L, 2L, 1L, 2L, 2L, 2L, 2L, 1L, 1L, 
    1L, 1L, 1L, 1L, 1L, 1L, 1L, 1L, 1L, 1L, 1L, 1L, 1L, 1L, 1L, 
    1L, 1L, 1L, 1L, 1L, 1L, 1L, 1L, 1L, 1L, 2L, 2L, 2L, 1L, 1L, 
    2L, 1L, 1L, 1L, 1L, 2L, 2L, 2L, 1L, 1L, 1L, 2L, 2L, 1L, 2L, 
    2L, 2L, 2L, 2L, 2L, 1L, 1L, 1L, 1L, 1L, 1L, 1L, 1L, 1L, 1L, 
    1L, 1L, 1L, 1L, 1L, 1L, 1L, 1L, 1L, 1L, 2L, 2L, 2L, 2L), .Label = c("no", 
    "yes"), class = "factor")), .Names = c("Satellites", "Width", 
"Dark", "GoodSpine"), row.names = c("2", "4", "5", "6", "6.1", 
"8", "9", "9.1", "10", "10.1", "11", "11.1", "13", "15", "15.1", 
"15.2", "15.3", "15.4", "17", "18", "19", "19.1", "19.2", "20", 
"20.1", "21", "21.1", "22", "23", "25", "25.1", "26", "27", "27.1", 
"28", "29", "29.1", "31", "33", "33.1", "36", "39", "40", "40.1", 
"41", "42", "43", "44", "45", "45.1", "49", "50", "51", "53", 
"55", "55.1", "56", "56.1", "56.2", "58", "59", "59.1", "60", 
"60.1", "62", "63", "64", "64.1", "64.2", "65", "66", "66.1", 
"67", "68", "70", "70.1", "71", "74", "75", "76", "76.1", "77", 
"79", "79.1", "79.2", "80", "80.1", "81", "82", "83", "83.1", 
"84", "87", "88", "88.1", "91", "92", "95", "97", "97.1", "97.2", 
"98", "98.1", "99", "100", "100.1", "101", "101.1", "103", "103.1", 
"103.2", "106", "107", "107.1", "111", "112", "112.1", "113", 
"113.1", "116", "116.1", "117", "117.1", "120", "122", "122.1", 
"122.2", "124", "125", "126", "127", "128", "128.1", "129", "130", 
"131", "133", "134", "134.1", "135", "141", "144", "146", "147", 
"147.1", "153", "153.1", "154", "154.1", "155", "155.1", "155.2", 
"156", "157", "157.1", "161", "163", "163.1", "164", "164.1", 
"164.2", "165", "167", "168", "168.1", "169", "170", "170.1", 
"170.2", "171", "171.1", "173", "173.1"), class = "data.frame")
test(id=131, code={
argv <- structure(list(x = structure(list(Satellites = c(8L, 0L, 9L, 
0L, 4L, 0L, 0L, 0L, 0L, 0L, 0L, 0L, 11L, 0L, 14L, 8L, 1L, 1L, 
0L, 5L, 4L, 3L, 1L, 2L, 3L, 0L, 3L, 5L, 0L, 0L, 4L, 0L, 0L, 8L, 
5L, 0L, 0L, 6L, 0L, 6L, 3L, 5L, 6L, 5L, 9L, 4L, 6L, 4L, 3L, 3L, 
5L, 5L, 6L, 4L, 5L, 15L, 3L, 3L, 0L, 0L, 0L, 5L, 3L, 5L, 1L, 
8L, 10L, 0L, 0L, 3L, 7L, 1L, 0L, 6L, 0L, 0L, 3L, 4L, 0L, 5L, 
0L, 0L, 0L, 4L, 0L, 3L, 0L, 0L, 0L, 0L, 5L, 0L, 0L, 0L, 0L, 1L, 
0L, 1L, 1L, 1L, 1L, 1L, 1L, 4L, 1L, 1L, 1L, 1L, 2L, 4L, 3L, 6L, 
0L, 2L, 2L, 0L, 12L, 0L, 5L, 6L, 6L, 2L, 0L, 2L, 3L, 0L, 3L, 
4L, 2L, 6L, 6L, 0L, 4L, 10L, 7L, 0L, 5L, 5L, 6L, 6L, 7L, 3L, 
3L, 0L, 0L, 8L, 4L, 4L, 10L, 9L, 4L, 0L, 0L, 0L, 0L, 4L, 0L, 
2L, 0L, 4L, 4L, 3L, 8L, 0L, 7L, 0L, 0L, 2L, 3L, 4L, 0L, 0L, 0L
), Width = c(28.3, 22.5, 26, 24.8, 26, 23.8, 26.5, 24.7, 23.7, 
25.6, 24.3, 25.8, 28.2, 21, 26, 27.1, 25.2, 29, 24.7, 27.4, 23.2, 
25, 22.5, 26.7, 25.8, 26.2, 28.7, 26.8, 27.5, 24.9, 29.3, 25.8, 
25.7, 25.7, 26.7, 23.7, 26.8, 27.5, 23.4, 27.9, 27.5, 26.1, 27.7, 
30, 28.5, 28.9, 28.2, 25, 28.5, 30.3, 24.7, 27.7, 27.4, 22.9, 
25.7, 28.3, 27.2, 26.2, 27.8, 25.5, 27.1, 24.5, 27, 26, 28, 30, 
29, 26.2, 26.5, 26.2, 25.6, 23, 23, 25.4, 24.2, 22.9, 26, 25.4, 
25.7, 25.1, 24.5, 27.5, 23.1, 25.9, 25.8, 27, 28.5, 25.5, 23.5, 
24, 29.7, 26.8, 26.7, 28.7, 23.1, 29, 25.5, 26.5, 24.5, 28.5, 
28.2, 24.5, 27.5, 24.7, 25.2, 27.3, 26.3, 29, 25.3, 26.5, 27.8, 
27, 25.7, 25, 31.9, 23.7, 29.3, 22, 25, 27, 23.8, 30.2, 26.2, 
24.2, 27.4, 25.4, 28.4, 22.5, 26.2, 24.9, 24.5, 25.1, 28, 25.8, 
27.9, 24.9, 28.4, 27.2, 25, 27.5, 33.5, 30.5, 29, 24.3, 25.8, 
25, 31.7, 29.5, 24, 30, 27.6, 26.2, 23.1, 22.9, 24.5, 24.7, 28.3, 
23.9, 23.8, 29.8, 26.5, 26, 28.2, 25.7, 26.5, 25.8, 24.1, 26.2, 
26.1, 29, 28, 27, 24.5), Dark = structure(c(1L, 2L, 1L, 2L, 2L, 
1L, 1L, 2L, 1L, 2L, 2L, 1L, 1L, 2L, 1L, 1L, 1L, 1L, 2L, 1L, 1L, 
1L, 1L, 2L, 2L, 2L, 1L, 1L, 2L, 1L, 1L, 1L, 1L, 1L, 1L, 2L, 1L, 
1L, 2L, 1L, 2L, 1L, 1L, 1L, 2L, 2L, 1L, 1L, 1L, 1L, 2L, 1L, 1L, 
1L, 1L, 1L, 1L, 2L, 1L, 2L, 2L, 2L, 2L, 1L, 1L, 1L, 1L, 1L, 1L, 
1L, 2L, 2L, 2L, 1L, 2L, 1L, 2L, 1L, 2L, 1L, 2L, 2L, 2L, 2L, 1L, 
2L, 1L, 2L, 2L, 1L, 1L, 1L, 2L, 1L, 2L, 1L, 2L, 2L, 2L, 2L, 1L, 
1L, 1L, 1L, 1L, 2L, 1L, 1L, 1L, 1L, 1L, 1L, 2L, 1L, 1L, 2L, 2L, 
2L, 1L, 2L, 2L, 1L, 2L, 1L, 1L, 1L, 2L, 2L, 1L, 1L, 1L, 1L, 1L, 
2L, 1L, 1L, 1L, 2L, 1L, 1L, 1L, 1L, 2L, 1L, 1L, 2L, 1L, 1L, 2L, 
1L, 1L, 1L, 1L, 1L, 2L, 1L, 1L, 1L, 2L, 2L, 1L, 1L, 1L, 2L, 1L, 
1L, 2L, 2L, 2L, 2L, 1L, 2L, 1L), .Label = c("no", "yes"), class = "factor"),