expected <- eval(parse(text="structure(c(2.22044604925031e-16+0i, -1.11022302462516e-16+0i, 6.66133814775094e-16+0i, -2.22044604925031e-16+0i, -3.33066907387547e-16+0i, -2.22044604925031e-16+0i, -1.66533453693773e-16+0i, 5.55111512312578e-17+0i, -3.19189119579733e-16+0i, 0+0i, 6.66133814775094e-16+0i, 5.55111512312578e-17+0i, -1.11022302462516e-16+0i, -8.88178419700125e-16+0i, -8.88178419700125e-16+0i, -2.22044604925031e-16+0i, -2.91433543964104e-16+0i, -8.88178419700125e-16+0i, 1.11022302462516e-16+0i, 0+0i, -3.33066907387547e-16+0i, -5.55111512312578e-17+0i, -8.88178419700125e-16+0i, 0+0i, -4.44089209850063e-16+0i), .Dim = c(5L, 5L))"));               
test(id=0, code={               
argv <- eval(parse(text="list(structure(c(-0.560475646552213+0i, 0.7424437487+0i, 1.39139505579429+0i, 0.928710764113827+0i, -0.469267985412949+0i, 0.7424437487+0i, 0.460916205989202+0i, -0.452623703774585+0i, -0.0945011868321433+0i, -0.331818442379127+0i, 1.39139505579429+0i, -0.452623703774585+0i, 0.400771450594052+0i, -0.927967220342259+0i, -0.790922791530657+0i, 0.928710764113827+0i, -0.0945011868321433+0i, -0.927967220342259+0i, 0.701355901563686+0i, -0.600841318509537+0i, -0.469267985412949+0i, -0.331818442379127+0i, -0.790922791530657+0i, -0.600841318509537+0i, -0.625039267849257+0i), .Dim = c(5L, 5L)), structure(c(-0.560475646552213+0i, 0.742443748700001+0i, 1.39139505579429+0i, 0.928710764113827+0i, -0.469267985412949+0i, 0.742443748700001+0i, 0.460916205989202+0i, -0.452623703774585+0i, -0.094501186832143+0i, -0.331818442379127+0i, 1.39139505579429+0i, -0.452623703774585+0i, 0.400771450594052+0i, -0.927967220342258+0i, -0.790922791530656+0i, 0.928710764113827+0i, -0.094501186832143+0i, -0.927967220342258+0i, 0.701355901563685+0i, -0.600841318509537+0i, -0.469267985412949+0i, -0.331818442379127+0i, -0.790922791530656+0i, -0.600841318509537+0i, -0.625039267849256+0i), .Dim = c(5L, 5L)))"));               
do.call(`-`, argv);               
}, o=expected);               

