expected <- eval(parse(text="structure(c(2, 1.81, 1.64, 1.49, 1.36, 1.25, 1.16, 1.09, 1.04, 1.01, 1.81, 2, 1.81, 1.64, 1.49, 1.36, 1.25, 1.16, 1.09, 1.04, 1.64, 1.81, 2, 1.81, 1.64, 1.49, 1.36, 1.25, 1.16, 1.09, 1.49, 1.64, 1.81, 2, 1.81, 1.64, 1.49, 1.36, 1.25, 1.16, 1.36, 1.49, 1.64, 1.81, 2, 1.81, 1.64, 1.49, 1.36, 1.25, 1.25, 1.36, 1.49, 1.64, 1.81, 2, 1.81, 1.64, 1.49, 1.36, 1.16, 1.25, 1.36, 1.49, 1.64, 1.81, 2, 1.81, 1.64, 1.49, 1.09, 1.16, 1.25, 1.36, 1.49, 1.64, 1.81, 2, 1.81, 1.64, 1.04, 1.09, 1.16, 1.25, 1.36, 1.49, 1.64, 1.81, 2, 1.81, 1.01, 1.04, 1.09, 1.16, 1.25, 1.36, 1.49, 1.64, 1.81, 2), .Dim = c(10L, 10L))"));               
test(id=0, code={               
argv <- eval(parse(text="list(structure(c(1, 0.81, 0.64, 0.49, 0.36, 0.25, 0.16, 0.09, 0.04, 0.01, 0.81, 1, 0.81, 0.64, 0.49, 0.36, 0.25, 0.16, 0.09, 0.04, 0.64, 0.81, 1, 0.81, 0.64, 0.49, 0.36, 0.25, 0.16, 0.09, 0.49, 0.64, 0.81, 1, 0.81, 0.64, 0.49, 0.36, 0.25, 0.16, 0.36, 0.49, 0.64, 0.81, 1, 0.81, 0.64, 0.49, 0.36, 0.25, 0.25, 0.36, 0.49, 0.64, 0.81, 1, 0.81, 0.64, 0.49, 0.36, 0.16, 0.25, 0.36, 0.49, 0.64, 0.81, 1, 0.81, 0.64, 0.49, 0.09, 0.16, 0.25, 0.36, 0.49, 0.64, 0.81, 1, 0.81, 0.64, 0.04, 0.09, 0.16, 0.25, 0.36, 0.49, 0.64, 0.81, 1, 0.81, 0.01, 0.04, 0.09, 0.16, 0.25, 0.36, 0.49, 0.64, 0.81, 1), .Dim = c(10L, 10L)), structure(c(1, 1, 1, 1, 1, 1, 1, 1, 1, 1, 1, 1, 1, 1, 1, 1, 1, 1, 1, 1, 1, 1, 1, 1, 1, 1, 1, 1, 1, 1, 1, 1, 1, 1, 1, 1, 1, 1, 1, 1, 1, 1, 1, 1, 1, 1, 1, 1, 1, 1, 1, 1, 1, 1, 1, 1, 1, 1, 1, 1, 1, 1, 1, 1, 1, 1, 1, 1, 1, 1, 1, 1, 1, 1, 1, 1, 1, 1, 1, 1, 1, 1, 1, 1, 1, 1, 1, 1, 1, 1, 1, 1, 1, 1, 1, 1, 1, 1, 1, 1), .Dim = c(10L, 10L)))"));               
do.call(`+`, argv);               
}, o=expected);               

