expected <- eval(parse(text="c(4.53984184587881e+20, 0.00169248499445858, 0.00884099740338581, 0.000109152809201206, 18383974.2303674, 5.62594231228108, 13.0938487967801, 0.00169248499445858, 3.91203850809808e+23, 0.362121493127676, 2.80749172763901, 0.000387611452584063, 0.403637143720281, 0.397216520673676, 0.00884099740338581, 0.362121493127676, 1.63780896527016e+20, 98.9317941666718, 0.0676114708300374, 1.63504066160727e-06, 0.00745250327277159, 0.000109152809201206, 2.80749172763901, 98.9317941666718, 5.41943221424802e+20, 0.0213720242285355, 4.56573402745875e-05, 0.949490560749659, 18383974.2303674, 0.000387611452584063, 0.0676114708300374, 0.0213720242285355, 2.95617962214051e+21, 6383.77791260362, 1.45062067173428, 5.62594231228108, 0.403637143720281, 1.63504066160727e-06, 4.56573402745875e-05, 6383.77791260362, 6.22195823915546e+21, 0.242194950801794, 13.0938487967801, 0.397216520673676, 0.00745250327277159, 0.949490560749659, 1.45062067173428, 0.242194950801794, 23463385584084717568)"));            
test(id=0, code={            
argv <- eval(parse(text="list(c(47.5645940356179, -6.38155741912049, -4.72835558025993, -9.12276173822938, 16.7269898773273, 1.72738845624351, 2.57214256243276, -6.38155741912049, 54.3235157345705, -1.01577550708815, 1.03229146110395, -7.85550713095368, -0.907238963715769, -0.92327375484205, -4.72835558025993, -1.01577550708815, 46.5450612116912, 4.59443066488959, -2.69397762349353, -13.3238428844397, -4.89920529326131, -9.12276173822938, 1.03229146110395, 4.59443066488959, 47.7416929123262, -3.84567249122941, -9.99434616922533, -0.0518296900644576, 16.7269898773273, -7.85550713095368, -2.69397762349353, -3.84567249122941, 49.4381847193856, 8.76151535039852, 0.371991514317358, 1.72738845624351, -0.907238963715769, -13.3238428844397, -9.99434616922533, 8.76151535039852, 50.1823716395239, -1.41801229530673, 2.57214256243276, -0.92327375484205, -4.89920529326131, -0.0518296900644576, 0.371991514317358, -1.41801229530673, 44.6019728197531))"));            
do.call(`exp`, argv);            
}, o=expected);            

