expected <- eval(parse(text="structure(c(1.00000000000015, 0.487786120558388, 0.642930907877914, 0.49045542726233, 0.644715082908094, 0.808210083276626, 0.487786120558388, 1.00000000000024, 0.514511539787504, 0.250341263233141, 0.673249725971354, 0.725231710458559, 0.642930907877914, 0.514511539787504, 0.999999999999994, 0.597281179242414, 0.58186730432684, 0.744454968223556, 0.49045542726233, 0.250341263233141, 0.597281179242414, 1.00000000000032, 0.730895495688254, 0.771398462762793, 0.644715082908094, 0.673249725971354, 0.58186730432684, 0.730895495688254, 0.999999999999982, 0.812432125566704, 0.808210083276626, 0.725231710458559, 0.744454968223556, 0.771398462762793, 0.812432125566704, 1.00000000000111), .Dim = c(6L, 6L))"));       
test(id=0, code={       
argv <- eval(parse(text="list(structure(c(-1.67712982705863, -1.48498667828929, -1.66855080519244, -1.58355627712096, -1.82359988031979, -1.9949008033236, -0.0318360538544526, -0.560218641212122, 0.066207937805176, 0.499775901814107, -0.00128363357081381, -0.00713986667014182, 0.296776079992064, -0.138150806520963, 0.253601178172029, -0.170225064799926, -0.240191246767341, -0.00408674943172847, -0.242382276284081, 0.0729153527553058, 0.269807081327349, 0.0299339639014576, -0.077267349576335, -0.0293027062153706, -0.0099926992270607, 0.0334924583850379, -0.0453336990810482, 0.0438958486872448, -0.112099180250145, 0.089015596249019), .Dim = c(6L, 5L)), structure(c(-0.399602067979347, -0.353820997034499, -0.397557983601584, -0.377306725388702, -0.434500818950138, -0.47531590790431, -0.0422023061126668, -0.742633452454394, 0.087766143100416, 0.662509734796894, -0.00170160212505116, -0.00946470439441127, 0.584095849615428, -0.271899651454647, 0.499121747385523, -0.335026171424641, -0.472729171281292, -0.00804328091925277, -0.637436340955898, 0.191758639997983, 0.70956029179181, 0.0787227379500612, -0.2032038701195, -0.0770626058818733, -0.062340518587102, 0.208946269374942, -0.282819110829524, 0.273848927982668, -0.699342677207614, 0.555333279468297), .Dim = c(6L, 5L)))"));       
.Internal(tcrossprod(argv[[1]], argv[[2]]));       
}, o=expected);       

