expected <- eval(parse(text="FALSE"));          
test(id=0, code={          
argv <- eval(parse(text="list(structure(list(row.names = c(\"rate\", \"additive\", \"rate:additive\", \"Residuals\"), SS = structure(list(rate = structure(c(1.7405, -1.5045, 0.855500000000001, -1.5045, 1.3005, -0.739500000000001, 0.855500000000001, -0.739500000000001, 0.420500000000001), .Dim = c(3L, 3L), .Dimnames = list(c(\"tear\", \"gloss\", \"opacity\"), c(\"tear\", \"gloss\", \"opacity\"))), additive = structure(c(0.760499999999999, 0.682499999999998, 1.9305, 0.682499999999998, 0.612499999999998, 1.7325, 1.9305, 1.7325, 4.90050000000001), .Dim = c(3L, 3L), .Dimnames = list(c(\"tear\", \"gloss\", \"opacity\"), c(\"tear\", \"gloss\", \"opacity\"))), `rate:additive` = structure(c(0.000500000000000012, 0.0165000000000002, 0.0445000000000006, 0.0165000000000002, 0.5445, 1.4685, 0.0445000000000006, 1.4685, 3.9605), .Dim = c(3L, 3L), .Dimnames = list(c(\"tear\", \"gloss\", \"opacity\"), c(\"tear\", \"gloss\", \"opacity\"))), Residuals = structure(c(1.764, 0.0200000000000005, -3.07, 0.0200000000000005, 2.628, -0.551999999999994, -3.07, -0.551999999999994, 64.924), .Dim = c(3L, 3L), .Dimnames = list(c(\"tear\", \"gloss\", \"opacity\"), c(\"tear\", \"gloss\", \"opacity\")))), .Names = c(\"rate\", \"additive\", \"rate:additive\", \"Residuals\")), Eigenvalues = structure(c(1.61877188028067, 0.911918322770912, 0.286826136427727, -8.75998844614162e-17, -6.73817551294033e-18, 8.58370095630716e-18, 1.36263996836868e-17, -6.73817551294033e-18, -2.24871081520413e-19), .Dim = c(3L, 3L), .Dimnames = list(c(\"rate\", \"additive\", \"rate:additive\"), NULL)), stats = structure(c(1, 1, 1, 16, 0.618141615338857, 0.476965104581081, 0.222894242126575, NA, 7.55426877464313, 4.25561883959759, 1.33852196999606, NA, 3, 3, 3, NA, 14, 14, 14, NA, 0.00303404516026092, 0.0247452809990207, 0.301781645099671, NA), .Dim = c(4L, 6L), .Dimnames = list(c(\"rate\", \"additive\", \"rate:additive\", \"Residuals\"), c(\"Df\", \"Pillai\", \"approx F\", \"num Df\", \"den Df\", \"Pr(>F)\")))), .Names = c(\"row.names\", \"SS\", \"Eigenvalues\", \"stats\"), class = \"summary.manova\"))"));          
do.call(`isS4`, argv);          
}, o=expected);          

