expected <- eval(parse(text="192.263775235132"));             
test(id=0, code={             
argv <- eval(parse(text="list(structure(c(59.8164361195774, 16.3642182644146, 111.747292631572, 33.1308121255244, 111.087966260681, 17.8530570409338, 109.920202428016, 21.131775457295, 0, 0, 16.3642182644146, 161.535939255833, 37.6748802609012, 67.2883398244609, 38.6252764993654, 76.8303935707398, 28.4778348377214, 75.3935967432183, 0, 0, 111.747292631572, 37.6748802609012, 398.433064545232, 41.228743361535, 56.6580728922266, 34.5026155985806, 59.292325604515, 36.0412835987832, 0, 0, 33.1308121255244, 67.2883398244609, 41.228743361535, 1176.45954558834, 42.4165944769534, 69.928075668575, 32.9974365646273, 68.4061187132491, 0, 0, 111.087966260681, 38.6252764993654, 56.6580728922266, 42.4165944769534, 1738.19143232074, 35.3995546471346, 61.6125843485971, 37.0026062612778, 0, 0, 17.8530570409338, 76.8303935707398, 34.5026155985806, 69.928075668575, 35.3995546471346, 3334.81773597237, 25.0719711616328, 77.7527739510622, 0, 0, 109.920202428016, 28.4778348377214, 59.292325604515, 32.9974365646273, 61.6125843485971, 25.0719711616328, 3310.21623403309, 26.7939833992556, 0, 0, 21.131775457295, 75.3935967432183, 36.0412835987832, 68.4061187132491, 37.0026062612778, 77.7527739510622, 26.7939833992556, 6145.64636329227, 0, 0, 0, 0, 0, 0, 0, 0, 0, 0, 0, 0, 0, 0, 0, 0, 0, 0, 0, 0, 0, 0), .Dim = c(10L, 10L)))"));             
.Internal(mean(argv[[1]]));             
}, o=expected);             

